Sample Coordinates:
     Tọa độ x    Tọa độ y
0   21.110417  105.392573
1   21.025666  105.326210
2   21.080008  105.413659
3   21.080254  105.413493
4   21.126403  105.351535
5   21.126392  105.351786
6   21.125971  105.351357
7   21.125986  105.351683
8   21.170365  105.353328
9   21.170243  105.353434
10  21.170548  105.353116
11  21.170029  105.353273
12  21.170125  105.353458
13  21.170353  105.353417
14  21.025663  105.325715
15  21.025496  105.326324
16  21.025314  105.325975
17  21.025338  105.326095
18  21.025427  105.326016
19  21.025542  105.325982

Coordinate Stats:
            Tọa độ x       Tọa độ y
count  174052.000000  174052.000000
mean       21.018318     105.803792
std         0.130646       0.078639
min         9.172675     104.658705
25%        20.996300     105.780794
50%        21.018570     105.806653
75%        21.038920     105.845630
max        21.542713     109.224146